2147 
1020 
1021 
1024 
1036 
1258 
2568 
2075 
1023 
1022 
1020 
1028 
1513 
1455 
1023 
1025 
1040 
2091 
1859 
1042 
1048 
1050 
1065 
2550 
2044 
2067 
2262 
2262 
2059 
2288 
2059 
2067 
2069 
2568 
1843 
1037 
2082 
1232 
1032 
1043 
1064 
2279 
1081 
2753 
2044 
2050 
2056 
1043 
1048 
1052 
2048 
2054 
1480 
2050 
2057 
2275 
2072 
1052 
2068 
2468 
1040 
1204 
1064 
2527 
2279 
2206 
1031 
1050 
2476 
1044 
1287 
1572 
2053 
2277 
2146 
1040 
1045 
1058 
3020 
1497 
3279 
2020 
2035 
2220 
2015 
1034 
1041 
1047 
2239 
2747 
1038 
2024 
2163 
1043 
2187 
2029 
2320 
2008 
2023 
2027 
1022 
1035 
2033 
1040 
2129 
2043 
2053 
1592 
2045 
1013 
1017 
1022 
1038 
1036 
2017 
2034 
1039 
1039 
2048 
2753 
1044 
1060 
2726 
2020 
2032 
2592 
2035 
2424 
1033 
2642 
1029 
2044 
2058 
1817 
2050 
1015 
1016 
1029 
2046 
1028 
2050 
2048 
1009 
1023 
1336 
2056 
1285 
1047 
1048 
2026 
2029 
1041 
2023 
1037 
1046 
2024 
2035 
2047 
2038 
1039 
1133 
2031 
2030 
1032 
2095 
2039 
2048 
1021 
2054 
1029 
1243 
2050 
2329 
1273 
1430 
2402 
1226 
1038 
2032 
2041 
2082 
1019 
1022 
2053 
2054 
1021 
2248 
1019 
1223 
1026 
2050 
2046 
1009 
1012 
1013 
1331 
1015 
1192 
1013 
1014 
1023 
2262 
1017 
2066 
2240 
1019 
1213 
1026 
2281 
1013 
1021 
1032 
2044 
2061 
1025 
1318 
3504 
1026 
1037 
2053 
2659 
6077 
1027 
1618 
2208 
1025 
2068 
1021 
1018 
1030 
1049 
2079 
1046 
1057 
2175 
2062 
2128 
2524 
2122 
1047 
1061 
3035 
1230 
1049 
1064 
2116 
1064 
2103 
2115 
1061 
2807 
3669 
1260 
1050 
2109 
1039 
1045 
1051 
2277 
1057 
2133 
1040 
1046 
1054 
1964 
1024 
2058 
1026 
2506 
2060 
1247 
1024 
2061 
1014 
1015 
1153 
1011 
1013 
1163 
1019 
1025 
1036 
1043 
2033 
2136 
1038 
1044 
2023 
1046 
2066 
2037 
1045 
2035 
2042 
2344 
2052 
1026 
1045 
1551 
2051 
3185 
1623 
1273 
2037 
1044 
1053 
2271 
2390 
1153 
2018 
1039 
1040 
2036 
2503 
2256 
1036 
2019 
1042 
2021 
2019 
2035 
1292 
2023 
2032 
2043 
2052 
1033 
1637 
2402 
2046 
1029 
1028 
1061 
2045 
2180 
1279 
2047 
1027 
2053 
2045 
1013 
1016 
1026 
1040 
2031 
1041 
2036 
1044 
2031 
1042 
2021 
1037 
1038 
1041 
2891 
2015 
2035 
2271 
2028 
1045 
2022 
2032 
2065 
2265 
1042 
1044 
2041 
2185 
2048 
1041 
1049 
1052 
2037 
2138 
1049 
2040 
3284 
1052 
2658 
3077 
1071 
2331 
3176 
1048 
2048 
2229 
2035 
2041 
2059 
2240 
2050 
2065 
2598 
2068 
1045 
2552 
1021 
1016 
1021 
1025 
1042 
2053 
2323 
1025 
1035 
2058 
2571 
1024 
1039 
2069 
1027 
2070 
1036 
2952 
2072 
1021 
1287 
1021 
1027 
1045 
2814 
1026 
2061 
1023 
1031 
1033 
1043 
1052 
2058 
1052 
2053 
1057 
2425 
1069 
2476 
2065 
1046 
1071 
2681 
2052 
1071 
2268 
2038 
1050 
2049 
2049 
1046 
1048 
2038 
1043 
1052 
2021 
2054 
2025 
2038 
2066 
2070 
1198 
1045 
1049 
2068 
2476 
1228 
1035 
1043 
2032 
2045 
1044 
1061 
2260 
2840 
1037 
2033 
1048 
2245 
2286 
2236 
2045 
2062 
1015 
1028 
1036 
2060 
3577 
1210 
2441 
1192 
2043 
2054 
1022 
1164 
2050 
1015 
1020 
2060 
2214 
1021 
1027 
2064 
1015 
1013 
1016 
1024 
1276 
1023 
1039 
2718 
1452 
1035 
2069 
1038 
1551 
1936 
2289 
1043 
1274 
2297 
2834 
2038 
2049 
1043 
2283 
2060 
1018 
1028 
1226 
1045 
2038 
2074 
1447 
2059 
1041 
1307 
1498 
1256 
2439 
2251 
1040 
2031 
1042 
2046 
2020 
2237 
2045 
1327 
2043 
2046 
1042 
1180 
2038 
1062 
2046 
1077 
2670 
1061 
2410 
2042 
2075 
2567 
2076 
1046 
2297 
1024 
1036 
1053 
2063 
1052 
2065 
2068 
1064 
2349 
2095 
1028 
1382 
1277 
2329 
1377 
2036 
2268 
2344 
1018 
1036 
2075 
1164 
1043 
2058 
2212 
2058 
1027 
2072 
2299 
1021 
1024 
1033 
2073 
2067 
1026 
1028 
1220 
1035 
1553 
1055 
2361 
1040 
2062 
1031 
1050 
1303 
2220 
2045 
1043 
2049 
2059 
1032 
1036 
1043 
1049 
2037 
2046 
2584 
1204 
1052 
2058 
2411 
1052 
2054 
1061 
2091 
2581 
2095 
4814 
2085 
2303 
1019 
1018 
1019 
1026 
1028 
1033 
1051 
2325 
2078 
2109 
1600 
1026 
2058 
1021 
1026 
2197 
1016 
1142 
1025 
1046 
1679 
2055 
2403 
2063 
2062 
1035 
1026 
1206 
1043 
2071 
1041 
2064 
1045 
1473 
2064 
1046 
2053 
2074 
2070 
1029 
1112 
2070 
1284 
1037 
1058 
2319 
2061 
2421 
2265 
1026 
1032 
2288 
1031 
2073 
2087 
1808 
1021 
1022 
1023 
1028 
1031 
1049 
2083 
1047 
2087 
2071 
1035 
2065 
2077 
1032 
1053 
1048 
2304 
1030 
1037 
2971 
1055 
2243 
1065 
2394 
1022 
1023 
1041 
1307 
2759 
1624 
1064 
2584 
1041 
2340 
2258 
1031 
2059 
1030 
1044 
2067 
1046 
2316 
2318 
2460 
1028 
2075 
1020 
1021 
1042 
1309 
1461 
2282 
1019 
1028 
1028 
2091 
1029 
1029 
1038 
1298 
584 
